0 0.401953125 0.7576388888888889 0.00390625 0.0125
0 0.396484375 0.75625 0.00390625 0.015277777777777777
0 0.391015625 0.7555555555555555 0.00390625 0.013888888888888888
0 0.387890625 0.7548611111111111 0.00390625 0.009722222222222222
0 0.369921875 0.7513888888888889 0.00859375 0.03611111111111111
0 0.38203125 0.7541666666666667 0.003125 0.011111111111111112
0 0.363671875 0.7541666666666667 0.00859375 0.03333333333333333
0 0.35625 0.75 0.015625 0.041666666666666664
0 0.357421875 0.7638888888888888 0.00546875 0.016666666666666666
0 0.3734375 0.7513888888888889 0.0046875 0.019444444444444445
0 0.48046875 0.6923611111111111 0.003125 0.02361111111111111
0 0.47578125 0.6958333333333333 0.0046875 0.022222222222222223
0 0.4703125 0.7 0.0078125 0.027777777777777776
0 0.37578125 0.7659722222222223 0.0046875 0.006944444444444444
